"x"
7020
719700
83580
264660
244320
827460
1595160
18360
906900
387060
1594680
434100
2301360
5611800
200700
812100
157500
1608180
198660
3914640
2678760
563160
1057320
1210560
1568100
1350060
499800
844200
60900
608220
2059020
195360
2241660
205680
1928400
266160
1548600
39960
691080
4512000
59400
306120
3359880
1258860
2177220
445440
2290920
5880
1119540
827940
161160
3320280
2522460
847920
64980
84000
4166460
1193160
4981860
398400
35940
968940
855360
314520
2178960
1677060
1496100
2700240
351240
4680
138300
140580
167220
633780
1958400
552720
1060560
615900
1239540
1089420
215760
67500
137040
2787300
687000
106620
108960
4969560
323940
1160820
873960
3321780
4106220
2713500
678360
17400
117120
2710680
22140
111000
456120
708480
867960
804720
13920
301200
645600
280740
230820
675780
723900
747540
208740
12180
17940
2062260
1491120
267900
604440
292920
651120
337560
1523460
742560
1102800
2700
2915460
420540
2235000
101160
1466760
257760
1691400
1940640
2090400
1448940
309300
734400
3512160
153840
1119780
255960
638880
1939500
356520
3926700
1672680
2079180
1176900
754380
94740
8580
236760
0
1123320
503040
489600
4338420
1864740
1467120
649680
2318640
1507500
116280
292980
1579800
668160
3546720
480
1525740
716640
2579820
2824560
60
676680
480
1440
6301080
2785440
47040
832980
559680
604620
628500
32340
1441560
693840
206460
45540
0
9660
3900
622560
533100
1641180
808380
1795080
84300
43680
538500
285240
13860
143760
198660
1429740
344760
4683300
163140
7140
504000
369480
64200
34200
10560
580140
1498860
1692840
2433540
394980
2826900
1166220
1868340
0
391620
2843700
1229460
191280
1200
2129520
964140
2668860
4156860
2400
7800
3351660
3112980
6012420
2267700
1882980
1672620
492960
118800
183180
291000
1469820
2368380
59280
56160
591060
900
3300
33300
1404720
490980
823080
54180
318060
4473780
2880
135540
389520
249960
3883080
36180
5220
453660
78300
15600
513120
960
234780
151980
1261980
452760
171300
386700
223740
2182200
1595700
1390320
287400
2520
869520
1566120
361920
1800
465420
980640
53160
458520
196260
1917660
2248560
1903320
334140
3241800
1610940
412500
716640
935760
446820
2072520
200100
1983900
183660
1740
600
6840
11820
1131540
1206960
4860
323040
1022400
1485540
3761700
1199580
2176500
1703820
1080
3960
343620
882540
154800
955860
148440
2213700
803160
461580
3739980
271020
1160220
1221300
1969080
310500
1736880
2029500
101580
346920
1418460
7500
43920
30000
419700
12180
324180
636720
7898100
1407360
1080360
48720
375000
438900
2166540
979200
1037640
353940
912660
290220
75720
2196240
290100
970500
1247400
2200620
237720
298500
660
1860
147900
58380
15240
82200
24360
403860
1212720
83700
811860
2267460
679800
205920
43860
187800
75420
342720
1732680
838020
44700
33120
1734660
175620
793800
1110660
6900
667980
486360
2025240
211680
1259640
156420
217560
8040
1760220
105180
226320
166860
78180
984780
212460
123480
285840
515760
539580
1312260
106200
513840
3399300
2740980
429240
434340
518880
1075440
637620
575880
1391400
660
93660
2700
707040
4140
43980
85500
58920
2880
435780
38220
44640
394920
617160
1036740
960600
2627640
120
2700
2820
471540
33780
423900
246180
374340
847920
1070880
1897140
2011980
2324220
1609560
462960
687480
158520
387420
447780
484680
418260
113520
2578380
1377600
1696200
446940
916740
2628180
32400
1580640
656340
2040
87840
358560
76860
322680
192360
431700
50820
696960
169020
8040
543660
102180
2076900
1439640
558240
126660
786120
60720
1146660
225420
2726700
312000
1440
16620
900
394200
252780
2267940
472620
758100
272820
119760
205620
3120
237900
296340
127260
533640
300
111300
957900
181860
725280
1480560
667980
211620
657660
231840
492900
2798640
2748840
254100
74040
284160
271620
181800
113580
1020900
1686240
31740
823920
14880
393000
5005320
1138080
1069680
578220
134760
2004660
1932360
151920
972840
1225320
1800
46920
678300
251040
70860
977940
146760
10140
15480
76440
661260
307560
396300
804600
548460
838260
192360
1675980
950760
271140
2803260
480660
1828680
341100
926940
120660
1609920
373740
983100
709320
1193520
428220
578040
255420
1608480
2647800
998700
1657200
1339980
568500
92460
283020
303960
420720
29400
564060
27240
2056800
168240
2196240
368820
778380
2124480
756300
764940
185160
1527120
300840
317700
2796720
7996440
900600
149940
117840
52620
196500
3660
210720
413220
656160
78120
272520
31680
579120
996660
175800
899760
8880
215640
222780
534960
2220
360
318720
1220100
844560
1026240
384540
8700
502980
830100
729480
661560
79320
779940
372360
235740
853980
1792980
599580
3402180
236820
2108340
661140
1017780
350520
1432320
705480
1038360
128940
570660
12660
1489920
98760
63300
2202720
403140
2101920
317460
2538420
173220
423120
302460
538380
2642040
3498240
350100
1351380
3514560
594180
2725140
349320
550080
217320
1629120
893760
421080
441600
1149900
878160
444120
2310660
80400
360
193200
839460
110940
61200
1470840
2675460
917820
5046480
1295580
831060
213180
1518180
262080
1639200
15240
6420
13440
1020360
311460
2992440
165900
442740
995880
145680
646260
14940
2573520
2693400
171180
466020
0
1164660
89160
180
148920
0
1920
168060
169200
311700
74880
1397640
1239000
851520
620940
166320
2615700
1537620
1355280
1350300
775200
285720
37680
0
0
3840
0
0
246360
1273260
479520
1138980
1182660
980220
235620
529500
702900
31680
1821480
1697040
731220
611340
1083180
4232880
1602060
1868880
500100
299820
268620
61380
127260
216660
2439660
1719660
780
1380
174840
73260
541680
303960
